기간	자치구	성별	합계	주택(거처)의 종류	주택(거처)의 종류	주택(거처)의 종류	주택(거처)의 종류	주택(거처)의 종류	주택(거처)의 종류	주택이외의 거처
기간	자치구	성별	합계	계	단독주택	아파트	연립주택	다세대주택	비거주용 건물내 주택	주택이외의 거처
2018	합계	계	1,229,421	1,045,047	513,330	264,524	18,680	205,178	43,335	184,374
2018	합계	남자	581,944	485,596	262,165	100,969	7,514	91,526	23,422	96,348
2018	합계	여자	647,477	559,451	251,165	163,555	11,166	113,652	19,913	88,026
2018	종로구	계	25,326	20,633	12,405	3,014	877	3,363	974	4,693
2018	종로구	남자	12,635	9,867	6,367	1,227	314	1,442	517	2,768
2018	종로구	여자	12,691	10,766	6,038	1,787	563	1,921	457	1,925
2018	중구	계	20,803	16,522	7,161	5,875	337	2,312	837	4,281
2018	중구	남자	10,052	7,640	3,486	2,418	152	1,123	461	2,412
2018	중구	여자	10,751	8,882	3,675	3,457	185	1,189	376	1,869
2018	용산구	계	34,240	29,856	16,962	6,164	740	5,405	585	4,384
2018	용산구	남자	15,794	13,300	7,935	2,331	317	2,437	280	2,494
2018	용산구	여자	18,446	16,556	9,027	3,833	423	2,968	305	1,890
2018	성동구	계	40,706	35,978	19,574	11,160	305	3,319	1,620	4,728
2018	성동구	남자	20,309	17,738	10,757	4,333	130	1,620	898	2,571
2018	성동구	여자	20,397	18,240	8,817	6,827	175	1,699	722	2,157
2018	광진구	계	56,337	50,250	34,025	3,591	585	9,655	2,394	6,087
2018	광진구	남자	27,057	24,028	17,100	1,359	218	4,129	1,222	3,029
2018	광진구	여자	29,280	26,222	16,925	2,232	367	5,526	1,172	3,058
2018	동대문구	계	55,593	47,915	29,027	10,703	622	5,234	2,329	7,678
2018	동대문구	남자	28,098	23,847	15,399	4,340	292	2,609	1,207	4,251
2018	동대문구	여자	27,495	24,068	13,628	6,363	330	2,625	1,122	3,427
2018	중랑구	계	49,207	45,940	28,846	8,012	834	6,787	1,461	3,267
2018	중랑구	남자	24,711	22,833	15,407	3,085	363	3,177	801	1,878
2018	중랑구	여자	24,496	23,107	13,439	4,927	471	3,610	660	1,389
2018	성북구	계	55,136	50,351	28,327	10,703	1,140	7,457	2,724	4,785
2018	성북구	남자	24,777	22,430	13,442	3,993	476	3,236	1,283	2,347
2018	성북구	여자	30,359	27,921	14,885	6,710	664	4,221	1,441	2,438
2018	강북구	계	40,872	38,020	20,918	6,208	893	9,084	917	2,852
2018	강북구	남자	18,508	16,858	10,104	2,175	323	3,786	470	1,650
2018	강북구	여자	22,364	21,162	10,814	4,033	570	5,298	447	1,202
2018	도봉구	계	30,848	28,410	11,765	9,737	626	5,745	537	2,438
2018	도봉구	남자	13,586	12,120	5,881	3,302	250	2,408	279	1,466
2018	도봉구	여자	17,262	16,290	5,884	6,435	376	3,337	258	972
2018	노원구	계	51,280	48,843	11,789	31,115	639	4,429	871	2,437
2018	노원구	남자	21,674	20,170	6,159	11,058	276	2,148	529	1,504
2018	노원구	여자	29,606	28,673	5,630	20,057	363	2,281	342	933
2018	은평구	계	48,888	42,370	17,252	7,428	907	15,721	1,062	6,518
2018	은평구	남자	21,694	18,568	8,202	2,836	337	6,631	562	3,126
2018	은평구	여자	27,194	23,802	9,050	4,592	570	9,090	500	3,392
2018	서대문구	계	44,795	40,211	21,768	8,261	1,075	7,608	1,499	4,584
2018	서대문구	남자	19,553	17,477	10,025	3,048	410	3,261	733	2,076
2018	서대문구	여자	25,242	22,734	11,743	5,213	665	4,347	766	2,508
2018	마포구	계	56,837	46,117	20,762	11,018	663	11,909	1,765	10,720
2018	마포구	남자	24,992	20,435	10,135	4,092	275	5,035	898	4,557
2018	마포구	여자	31,845	25,682	10,627	6,926	388	6,874	867	6,163
2018	양천구	계	34,304	31,433	12,097	9,315	711	8,716	594	2,871
2018	양천구	남자	15,827	14,281	6,487	3,413	268	3,790	323	1,546
2018	양천구	여자	18,477	17,152	5,610	5,902	443	4,926	271	1,325
2018	강서구	계	73,011	52,875	15,968	21,221	823	13,963	900	20,136
2018	강서구	남자	33,780	24,433	8,454	8,693	326	6,452	508	9,347
2018	강서구	여자	39,231	28,442	7,514	12,528	497	7,511	392	10,789
2018	구로구	계	44,151	32,586	14,196	11,042	1,235	5,248	865	11,565
2018	구로구	남자	21,887	15,663	7,777	4,419	467	2,506	494	6,224
2018	구로구	여자	22,264	16,923	6,419	6,623	768	2,742	371	5,341
2018	금천구	계	34,564	27,251	14,702	6,178	621	4,813	937	7,313
2018	금천구	남자	19,079	14,584	8,231	3,041	262	2,458	592	4,495
2018	금천구	여자	15,485	12,667	6,471	3,137	359	2,355	345	2,818
2018	영등포구	계	53,477	36,393	18,580	11,139	321	4,705	1,648	17,084
2018	영등포구	남자	27,090	17,778	9,670	4,646	126	2,435	901	9,312
2018	영등포구	여자	26,387	18,615	8,910	6,493	195	2,270	747	7,772
2018	동작구	계	56,872	52,747	31,577	9,061	796	9,050	2,263	4,125
2018	동작구	남자	27,452	24,995	16,139	3,335	338	4,017	1,166	2,457
2018	동작구	여자	29,420	27,752	15,438	5,726	458	5,033	1,097	1,668
2018	관악구	계	112,733	93,520	59,159	11,808	1,095	11,742	9,716	19,213
2018	관악구	남자	59,445	49,304	32,561	4,945	472	5,598	5,728	10,141
2018	관악구	여자	53,288	44,216	26,598	6,863	623	6,144	3,988	9,072
2018	서초구	계	41,137	35,090	13,202	11,547	740	8,131	1,470	6,047
2018	서초구	남자	18,082	14,918	6,110	4,176	280	3,585	767	3,164
2018	서초구	여자	23,055	20,172	7,092	7,371	460	4,546	703	2,883
2018	강남구	계	62,727	52,807	19,038	18,614	1,045	11,888	2,222	9,920
2018	강남구	남자	26,718	21,733	8,593	6,715	433	4,935	1,057	4,985
2018	강남구	여자	36,009	31,074	10,445	11,899	612	6,953	1,165	4,935
2018	송파구	계	63,451	52,233	15,912	13,129	659	20,698	1,835	11,218
2018	송파구	남자	28,740	23,191	8,089	4,754	257	9,100	991	5,549
2018	송파구	여자	34,711	29,042	7,823	8,375	402	11,598	844	5,669
2018	강동구	계	42,126	36,696	18,318	8,481	391	8,196	1,310	5,430
2018	강동구	남자	20,404	17,405	9,655	3,235	152	3,608	755	2,999
2018	강동구	여자	21,722	19,291	8,663	5,246	239	4,588	555	2,431